$ 1 0.000005 0.8729138363720133 17 5 43 5e-11
m 208 112 256 160 0 100 16000 0 1e-8 1e-10 -5.3468828663527645e-8
m 544 160 496 112 0 100 16000 1.4114790885410693e-9 1e-8 1e-10 5.8983226648618516e-8
m 400 160 352 112 0 100 16000 1.4114790885410758e-9 1e-8 1e-10 5.898322664861856e-8
m 400 272 352 224 0 100 16000 0 1e-8 1e-10 -2.9491613324217348e-8
m 544 272 496 224 0 100 16000 0 1e-8 1e-10 -2.9491613324217348e-8
m 256 272 208 224 0 100 16000 0 1e-8 1e-10 -2.6734414331708312e-8
m 400 384 352 336 0 100 16000 0 1e-8 1e-10 -2.949161332427286e-8
m 544 384 496 336 0 100 16000 0 1e-8 1e-10 -2.949161332427286e-8
m 256 384 208 336 0 100 16000 0 1e-8 1e-10 -2.6734414331763823e-8
v -64 112 -16 112 0 0 40 0 0 0 0.5
v -64 336 -16 336 0 0 40 5 0 0 0.5
p 256 464 256 512 3 0 0
370 256 416 256 464 1 0 0
370 400 416 400 464 1 0 0
p 400 464 400 512 3 0 0
370 544 416 544 464 1 0 0
p 544 464 544 512 3 0 0
v -64 224 -16 224 0 0 40 5 0 0 0.5
r -16 112 32 112 0 1000
r -16 224 32 224 0 1000
r -16 336 32 336 0 1000
w 128 112 208 112 0
w 208 224 128 224 0
w 352 112 208 112 0
w 352 112 496 112 0
w 544 160 544 272 0
w 544 272 544 384 0
w 544 416 544 384 0
w 208 336 128 336 0
w 256 384 256 416 0
w 400 416 400 384 0
w 352 224 208 224 0
w 496 224 352 224 0
w 400 160 400 272 0
w 400 272 400 384 0
w 256 160 256 272 0
w 256 272 256 384 0
w 352 336 208 336 0
w 496 336 352 336 0
w -64 336 -64 464 0
w -64 464 -64 512 0
w -64 112 -64 224 0
w -64 224 -64 336 0
w 544 512 400 512 0
w 400 512 256 512 0
d 32 112 128 112 2 default
d 32 224 128 224 2 default
d 32 336 128 336 2 default
w -64 512 256 512 0
o 29 64 0 4099 10 0.00009765625 0 2 29 3
o 30 64 0 4099 10 0.00009765625 1 2 30 3
o 27 64 0 4099 10 0.00009765625 2 2 27 3
