$ 1 0.000005 0.8729138363720133 63 5 43 5e-11
m 544 160 496 112 0 100 16000 0 1e-8 1e-10 -0.00006230583001645457
m 400 160 352 112 0 100 16000 0 1e-8 1e-10 -0.0003125
m 400 272 352 224 0 100 16000 0 1e-8 1e-10 -0.00025
m 544 272 496 224 0 100 16000 1e-8 1e-8 1e-10 0.00003106719736726937
m 256 272 208 224 0 100 16000 0 1e-8 1e-10 -0.00025
m 400 384 352 336 0 100 16000 0 1e-8 1e-10 -0.00025
m 544 384 496 336 0 100 16000 1e-8 1e-8 1e-10 0.00003106719736726937
m 256 384 208 336 0 100 16000 0 1e-8 1e-10 -0.00025
370 256 384 256 432 1 0 0
370 400 384 400 432 1 0 0
370 544 384 544 416 1 0 0
w 352 112 208 112 0
w 352 112 496 112 0
w 544 160 544 272 0
w 544 272 544 384 0
w 352 224 208 224 0
w 496 224 352 224 0
w 400 160 400 272 0
w 400 272 400 384 0
w 256 160 256 272 0
w 256 272 256 384 0
w 352 336 208 336 0
w 496 336 352 336 0
R 208 112 160 112 0 0 40 5 0 0 0.5
g 400 432 400 448 0 0
g 544 368 544 448 0 0
m 256 160 208 112 0 100 16000 0 1e-8 1e-10 -0.0003125
R 208 224 160 224 0 0 40 4 0 0 0.5
R 208 336 160 336 0 0 40 4 0 0 0.5
R 256 -16 256 -64 0 0 40 1.5 0 0 0.5
w 256 80 256 160 0
R 400 -16 400 -64 0 0 40 0.5 0 0 0.5
w 400 80 400 160 0
R 544 -16 544 -64 0 0 40 2.5 0 0 0.5
w 544 80 544 160 0
r 256 -16 256 32 0 1000
r 400 -16 400 32 0 1000
r 544 -16 544 32 0 1000
d 256 32 256 80 2 default
d 400 32 400 80 2 default
d 544 32 544 80 2 default
g 256 432 256 448 0 0
38 23 F1 0 -5 5 -1 Voltage
38 27 F1 0 -5 5 -1 Voltage
38 28 F1 0 -5 5 -1 Voltage
